1.000 0.053 0.044 0.048 0.037 0.066 0.021 0.058 0.078 0.011 0.043 0.049 0.068 0.039 0.044 0.027 0.011 0.044 0.031 0.030 0.037 0.014 0.044 0.027 0.044 0.050 0.010 0.048 0.070 0.031
0.053 1.000 0.039 0.057 0.055 0.064 0.054 0.071 0.045 0.064 0.036 0.025 0.033 0.032 0.053 0.041 0.016 0.039 0.044 0.026 0.047 0.045 0.046 0.043 0.044 0.048 0.026 0.070 0.026 0.037
0.044 0.039 1.000 0.100 0.044 0.041 0.061 0.064 0.085 0.040 0.046 0.068 0.049 0.016 0.026 0.119 0.046 0.047 0.034 0.047 0.046 0.023 0.082 0.048 0.075 0.044 0.030 0.046 0.051 0.067
0.048 0.057 0.100 1.000 0.069 0.069 0.044 0.082 0.053 0.040 0.075 0.084 0.042 0.029 0.068 0.063 0.081 0.019 0.073 0.042 0.042 0.048 0.062 0.057 0.056 0.082 0.041 0.045 0.044 0.047
0.037 0.055 0.044 0.069 1.000 0.056 0.041 0.079 0.043 0.021 0.104 0.046 0.057 0.050 0.041 0.046 0.068 0.029 0.032 0.051 0.057 0.042 0.060 0.073 0.038 0.044 0.070 0.032 0.040 0.055
0.066 0.064 0.041 0.069 0.056 1.000 0.039 0.073 0.032 0.023 0.025 0.039 0.043 0.016 0.052 0.043 0.067 0.028 0.087 0.032 0.032 0.030 0.083 0.020 0.040 0.044 0.047 0.032 0.065 0.056
0.021 0.054 0.061 0.044 0.041 0.039 1.000 0.053 0.063 0.042 0.032 0.037 0.091 0.062 0.022 0.022 0.018 0.029 0.033 0.018 0.043 0.027 0.064 0.033 0.052 0.055 0.020 0.037 0.028 0.030
0.058 0.071 0.064 0.082 0.079 0.073 0.053 1.000 0.076 0.038 0.084 0.076 0.047 0.045 0.046 0.065 0.028 0.034 0.067 0.055 0.049 0.055 0.073 0.043 0.031 0.031 0.048 0.074 0.047 0.034
0.078 0.045 0.085 0.053 0.043 0.032 0.063 0.076 1.000 0.066 0.074 0.072 0.047 0.019 0.044 0.059 0.026 0.037 0.034 0.041 0.039 0.046 0.067 0.063 0.059 0.047 0.032 0.028 0.031 0.048
0.011 0.064 0.040 0.040 0.021 0.023 0.042 0.038 0.066 1.000 0.009 0.029 0.014 0.006 0.058 0.037 0.010 0.022 0.022 0.038 0.029 0.020 0.044 0.027 0.041 0.038 0.009 0.016 0.026 0.034
0.043 0.036 0.046 0.075 0.104 0.025 0.032 0.084 0.074 0.009 1.000 0.059 0.059 0.075 0.027 0.063 0.044 0.040 0.026 0.053 0.049 0.015 0.048 0.041 0.070 0.061 0.035 0.048 0.058 0.057
0.049 0.025 0.068 0.084 0.046 0.039 0.037 0.076 0.072 0.029 0.059 1.000 0.044 0.020 0.044 0.050 0.035 0.027 0.021 0.028 0.039 0.044 0.078 0.036 0.065 0.026 0.024 0.042 0.052 0.016
0.068 0.033 0.049 0.042 0.057 0.043 0.091 0.047 0.047 0.014 0.059 0.044 1.000 0.036 0.046 0.050 0.058 0.088 0.036 0.054 0.046 0.040 0.052 0.042 0.061 0.067 0.037 0.041 0.046 0.053
0.039 0.032 0.016 0.029 0.050 0.016 0.062 0.045 0.019 0.006 0.075 0.020 0.036 1.000 0.029 0.035 0.032 0.007 0.029 0.041 0.067 0.009 0.017 0.015 0.023 0.025 0.019 0.028 0.047 0.052
0.044 0.053 0.026 0.068 0.041 0.052 0.022 0.046 0.044 0.058 0.027 0.044 0.046 0.029 1.000 0.048 0.018 0.029 0.026 0.014 0.021 0.014 0.037 0.045 0.068 0.050 0.009 0.034 0.043 0.040
0.027 0.041 0.119 0.063 0.046 0.043 0.022 0.065 0.059 0.037 0.063 0.050 0.050 0.035 0.048 1.000 0.075 0.053 0.040 0.067 0.029 0.034 0.091 0.063 0.071 0.075 0.045 0.046 0.081 0.069
0.011 0.016 0.046 0.081 0.068 0.067 0.018 0.028 0.026 0.010 0.044 0.035 0.058 0.032 0.018 0.075 1.000 0.041 0.024 0.024 0.045 0.027 0.047 0.058 0.057 0.053 0.053 0.016 0.045 0.081
0.044 0.039 0.047 0.019 0.029 0.028 0.029 0.034 0.037 0.022 0.040 0.027 0.088 0.007 0.029 0.053 0.041 1.000 0.045 0.010 0.034 0.041 0.052 0.044 0.025 0.027 0.028 0.039 0.045 0.036
0.031 0.044 0.034 0.073 0.032 0.087 0.033 0.067 0.034 0.022 0.026 0.021 0.036 0.029 0.026 0.040 0.024 0.045 1.000 0.027 0.046 0.027 0.047 0.058 0.069 0.039 0.047 0.033 0.063 0.066
0.030 0.026 0.047 0.042 0.051 0.032 0.018 0.055 0.041 0.038 0.053 0.028 0.054 0.041 0.014 0.067 0.024 0.010 0.027 1.000 0.050 0.048 0.061 0.033 0.051 0.030 0.017 0.020 0.031 0.049
0.037 0.047 0.046 0.042 0.057 0.032 0.043 0.049 0.039 0.029 0.049 0.039 0.046 0.067 0.021 0.029 0.045 0.034 0.046 0.050 1.000 0.046 0.054 0.047 0.058 0.053 0.037 0.022 0.039 0.049
0.014 0.045 0.023 0.048 0.042 0.030 0.027 0.055 0.046 0.020 0.015 0.044 0.040 0.009 0.014 0.034 0.027 0.041 0.027 0.048 0.046 1.000 0.067 0.038 0.034 0.026 0.023 0.065 0.039 0.047
0.044 0.046 0.082 0.062 0.060 0.083 0.064 0.073 0.067 0.044 0.048 0.078 0.052 0.017 0.037 0.091 0.047 0.052 0.047 0.061 0.054 0.067 1.000 0.042 0.075 0.075 0.035 0.054 0.063 0.073
0.027 0.043 0.048 0.057 0.073 0.020 0.033 0.043 0.063 0.027 0.041 0.036 0.042 0.015 0.045 0.063 0.058 0.044 0.058 0.033 0.047 0.038 0.042 1.000 0.059 0.026 0.025 0.038 0.028 0.028
0.044 0.044 0.075 0.056 0.038 0.040 0.052 0.031 0.059 0.041 0.070 0.065 0.061 0.023 0.068 0.071 0.057 0.025 0.069 0.051 0.058 0.034 0.075 0.059 1.000 0.091 0.017 0.046 0.062 0.057
0.050 0.048 0.044 0.082 0.044 0.044 0.055 0.031 0.047 0.038 0.061 0.026 0.067 0.025 0.050 0.075 0.053 0.027 0.039 0.030 0.053 0.026 0.075 0.026 0.091 1.000 0.025 0.080 0.063 0.045
0.010 0.026 0.030 0.041 0.070 0.047 0.020 0.048 0.032 0.009 0.035 0.024 0.037 0.019 0.009 0.045 0.053 0.028 0.047 0.017 0.037 0.023 0.035 0.025 0.017 0.025 1.000 0.021 0.033 0.040
0.048 0.070 0.046 0.045 0.032 0.032 0.037 0.074 0.028 0.016 0.048 0.042 0.041 0.028 0.034 0.046 0.016 0.039 0.033 0.020 0.022 0.065 0.054 0.038 0.046 0.080 0.021 1.000 0.049 0.033
0.070 0.026 0.051 0.044 0.040 0.065 0.028 0.047 0.031 0.026 0.058 0.052 0.046 0.047 0.043 0.081 0.045 0.045 0.063 0.031 0.039 0.039 0.063 0.028 0.062 0.063 0.033 0.049 1.000 0.072
0.031 0.037 0.067 0.047 0.055 0.056 0.030 0.034 0.048 0.034 0.057 0.016 0.053 0.052 0.040 0.069 0.081 0.036 0.066 0.049 0.049 0.047 0.073 0.028 0.057 0.045 0.040 0.033 0.072 1.000
